15 0.238184 0.351990 0.060945 0.032338
15 0.375622 0.402985 0.052239 0.017413
15 0.416045 0.259328 0.033582 0.048507
15 0.438433 0.319030 0.058458 0.028607
15 0.561567 0.434080 0.026119 0.014925
15 0.584577 0.365050 0.022388 0.058458
15 0.634950 0.307214 0.023632 0.054726
15 0.556592 0.253731 0.033582 0.029851
15 0.453980 0.203980 0.012438 0.034826
15 0.636194 0.157960 0.028607 0.067164
15 0.894279 0.164801 0.042289 0.075871
15 0.974502 0.158582 0.023632 0.026119
15 0.688433 0.351990 0.031095 0.029851
15 0.680348 0.333955 0.049751 0.068408
15 0.629975 0.524254 0.038557 0.063433
15 0.619403 0.596393 0.024876 0.053483
15 0.429726 0.638060 0.050995 0.064677
15 0.415423 0.613806 0.057214 0.026119
15 0.385572 0.597015 0.049751 0.012438
15 0.360075 0.546642 0.023632 0.028607
15 0.329602 0.554104 0.014925 0.023632
15 0.313433 0.543532 0.017413 0.022388
15 0.286070 0.550373 0.029851 0.016169
15 0.309701 0.694652 0.017413 0.046020
15 0.139303 0.626244 0.024876 0.016169
15 0.217662 0.782960 0.052239 0.073383
15 0.271766 0.856343 0.033582 0.021144
15 0.230100 0.919776 0.027363 0.068408
15 0.474502 0.824627 0.018657 0.034826
15 0.547886 0.865050 0.048507 0.026119
15 0.413557 0.833955 0.031095 0.016169
15 0.618781 0.723881 0.048507 0.044776
15 0.643657 0.726368 0.041045 0.029851
15 0.653607 0.766169 0.041045 0.059701
15 0.661070 0.780473 0.038557 0.041045
15 0.809080 0.701493 0.058458 0.029851
15 0.715796 0.796020 0.023632 0.022388
15 0.743159 0.781095 0.021144 0.014925
15 0.733209 0.825871 0.033582 0.019900
15 0.848259 0.818408 0.024876 0.034826
15 0.660448 0.926617 0.019900 0.032338
15 0.699005 0.924129 0.034826 0.052239
15 0.715174 0.927239 0.019900 0.016169
15 0.774876 0.941542 0.034826 0.054726
15 0.843905 0.046020 0.055970 0.022388
15 0.736318 0.240672 0.034826 0.016169
15 0.777363 0.388060 0.022388 0.012438
15 0.626244 0.467040 0.031095 0.013682
15 0.794776 0.808458 0.044776 0.022388
15 0.680970 0.841418 0.026119 0.013682
15 0.649876 0.884328 0.023632 0.022388
